8.196875772982809849e+01 8.113990707889644227e+01 1.685073429441092685e+01
8.426420993372001078e+01 8.237189227455948526e+01 1.987890765242678981e+01
8.194566110180024054e+01 8.199719605657364241e+01 1.352496909698598415e+01
8.234495232082672089e+01 8.349814286312437162e+01 1.814579127935147085e+01
8.430353036778809894e+01 7.976656422639422317e+01 2.349984756130160690e+01
8.033617117919240513e+01 8.292051514519661737e+01 2.191593894549660604e+01
7.960556415526085061e+01 7.926966383144335282e+01 2.517525849075926203e+01
8.095241009046769420e+01 7.788270206853803757e+01 2.592815876680023734e+01
8.220690768459189712e+01 8.454221573907935294e+01 2.684265408697564226e+01
8.408702920746566178e+01 7.915216537477672887e+01 2.977819220675013412e+01
8.682233766801046215e+01 8.267128182167411410e+01 3.216738638892891800e+01
7.972983358602311910e+01 8.288400289774844509e+01 2.876197248512704618e+01
8.004662234951811683e+01 8.001086239013645240e+01 3.099090468565205470e+01
8.589294743792679299e+01 8.471443221426375203e+01 3.367245370765309076e+01
8.158086122674585283e+01 8.520786682249277533e+01 3.423390852977763643e+01
7.897842108476190504e+01 8.318857446866019245e+01 3.193782560159812078e+01
8.244197559488351601e+01 7.927611997662950216e+01 3.646883957259407794e+01
8.520646483199459453e+01 8.173884350029427992e+01 3.654624422506850578e+01
7.907086288603802871e+01 7.862506242611055995e+01 3.478919199986410149e+01
7.861712395197085357e+01 8.268491961874391905e+01 3.873773377263142947e+01
8.435750254974539075e+01 8.266730726133127405e+01 3.757797512851951183e+01
8.243426592496714989e+01 7.841506735798384398e+01 3.970146561004645491e+01
7.836121403161028809e+01 7.535030507560435353e+01 4.106217014867297621e+01
7.546719573529618685e+01 7.861086757792401158e+01 4.313519814265836771e+01
8.247494477760368170e+01 7.918611323369808019e+01 4.488006420299475963e+01
7.611891103357760358e+01 6.269382545263187012e+01 3.768790141657990489e+01
7.699551131815866256e+01 6.462140210301697607e+01 3.511956959712790649e+01
7.460521657488548897e+01 6.468110502293370700e+01 3.813369534989922727e+01
7.835420880767225071e+01 6.462641577380219360e+01 3.831026705580373459e+01
7.669489619689657900e+01 6.744072943320682612e+01 4.139838803829235303e+01
7.593246152319015607e+01 8.140887919037197662e+01 4.562817090919136831e+01
7.816895618642988097e+01 6.306661201023092644e+01 4.344119848936028916e+01
8.208865444217822471e+01 7.354428865974614382e+01 4.697201637360680593e+01
7.740756293254113984e+01 7.450834040232945199e+01 4.468918313359898775e+01
7.851390502908401459e+01 6.710316951547568465e+01 4.422095298705858113e+01
7.972169812846654224e+01 8.059733260176187741e+01 4.691852061157439380e+01
7.465753934347451093e+01 6.386677289505666977e+01 4.426809411450196308e+01
9.534052451107831416e+01 9.289166244049161492e+01 4.509496005929656803e+01
9.437212751347881579e+01 9.412993756988532823e+01 4.811606175261019303e+01
9.395323187962662814e+01 9.218826126561259571e+01 4.728179629387332739e+01
9.526073288671685191e+01 9.078624223952348871e+01 4.631379615031758590e+01
9.714429036736918022e+01 9.333950605042173265e+01 4.837301425147751388e+01
7.735270475891434216e+01 6.920202629155696172e+01 4.346455098220098989e+01
7.561238839439459980e+01 6.854732412183361134e+01 4.603018365855254501e+01
7.748865022277313130e+01 7.130236676333143464e+01 4.631283012873558391e+01
7.591277905660216163e+01 7.853044555888652667e+01 4.923946581706232450e+01
8.291142724866857350e+01 7.439752297910069956e+01 4.795312848972312736e+01
8.247343765576492558e+01 7.961888306420249251e+01 4.902678940870407587e+01
7.589982969678078462e+01 6.570919122955288572e+01 5.029643361958292758e+01
7.816468206280472941e+01 6.483451627340068057e+01 4.984316692039035956e+01
8.217476773733797302e+01 7.039813071216414642e+01 4.952216949446204808e+01
7.562440692226890349e+01 7.069824253010276038e+01 5.373022238347985535e+01
9.389930552645247985e+01 9.100512343851517016e+01 5.049098651935213411e+01
9.646640134464722394e+01 9.194646038725514359e+01 5.215718160382556334e+01
7.923711398312354959e+01 6.718914006997286492e+01 5.112715211844590613e+01
7.767445791416398038e+01 8.030816296364935170e+01 5.177277404224034285e+01
8.516164661715188799e+01 7.586767399448009996e+01 5.405718102739157871e+01
9.538899217739499647e+01 8.939608277329296016e+01 5.123027741006896463e+01
7.976579519218573466e+01 8.049377028207803164e+01 5.173521534064249749e+01
7.492778869013596932e+01 7.478543434302241621e+01 5.610336548353677699e+01
8.257886423103767015e+01 6.871801910612569486e+01 5.582977082067606034e+01
9.319936705490506768e+01 9.204309667808311701e+01 5.326366835357777063e+01
8.418903749470240427e+01 8.025170538962828459e+01 5.311298498093515263e+01
9.724806330994267967e+01 8.828456284746422966e+01 5.448038852033150192e+01
9.267460901738087387e+01 8.862783635617711298e+01 5.355674615672705841e+01
7.547202807223224852e+01 7.936255170127205361e+01 5.605773497597809296e+01
7.393443603314359791e+01 6.919856306440277649e+01 5.781310283451949772e+01
8.544103413285087356e+01 7.411214914444946089e+01 5.871628822760479238e+01
7.633521346231614757e+01 6.631948784058189972e+01 5.464889486203597357e+01
8.017365386319330867e+01 6.556071826276689762e+01 5.582766065241216324e+01
9.439582344833104344e+01 8.486230883614391018e+01 5.462576387145841750e+01
7.734672134786427478e+01 8.053829890145706827e+01 5.527014049342687940e+01
8.655118565394359109e+01 7.888210324134166740e+01 5.385765851465413334e+01
8.256984438391187098e+01 8.209274355007880786e+01 5.670218257362154191e+01
8.789929815986236861e+01 8.338096318958605480e+01 5.609545470663695710e+01
9.085440598529896761e+01 8.892340917102586673e+01 6.185188381116836354e+01
9.057034315522417955e+01 8.415792993732924288e+01 5.472425054798958399e+01
9.712896442908464678e+01 9.157172294935546120e+01 5.948604706306718981e+01
9.087335352439751546e+01 7.817724216439927432e+01 5.573168339291586904e+01
9.708519372889519161e+01 8.671741574837159305e+01 6.126152541814190045e+01
8.158269068509090971e+01 8.410884217788552064e+01 6.160137250258279096e+01
7.794822431373056304e+01 8.364075191926929165e+01 6.086082635294161491e+01
9.251052369157216049e+01 9.255881842717832342e+01 6.061880584795878235e+01
8.343304321399979528e+01 6.529462793529572195e+01 5.823469024434967878e+01
9.361872538425669177e+01 7.889264176105334059e+01 6.109033720964234249e+01
9.553856151360808724e+01 8.378468350790768682e+01 6.081461108646794855e+01
7.708775350030344953e+01 6.670306266405049200e+01 6.015137708560527585e+01
8.412299807788552641e+01 6.608242651100670173e+01 5.939439023065889955e+01
8.438385838045822140e+01 6.958651019680524996e+01 6.062023992528884264e+01
8.214789703388004227e+01 6.480507771263197014e+01 5.960750669024005788e+01
8.811617759312483145e+01 8.615677137115093842e+01 6.373927387424765811e+01
7.223440681047507894e+01 6.988671634227313234e+01 5.998084565210919550e+01
9.516180373177114404e+01 9.151195813175604599e+01 6.223275798648140267e+01
8.932379765704423846e+01 7.598727438052168282e+01 6.275618166571186407e+01
7.307473919429713760e+01 8.002063302757093766e+01 6.121027192403502681e+01
7.830939854169406544e+01 8.424269136332762287e+01 6.552067690321268856e+01
8.553240705279766587e+01 6.706314881208129464e+01 6.642491031203817897e+01
8.593598154737857442e+01 7.323920857852729682e+01 6.383860604949472872e+01
9.203446877078471289e+01 8.619430315145632449e+01 6.503964283259313106e+01
9.351000626336931987e+01 7.654466840002868366e+01 6.759431429291748827e+01
9.713994155650482298e+01 8.563356481675771192e+01 6.754945476972187635e+01
9.585437792383254418e+01 8.208064330925327567e+01 6.608271364996306829e+01
9.859436861860763202e+01 8.459931401985150501e+01 6.635035323086802350e+01
7.852438860023633538e+01 6.578106582052481599e+01 6.598910757547130856e+01
9.675868212227065612e+01 7.807955589234211402e+01 6.772321890187942017e+01
8.849146293150164411e+01 7.274004228819543982e+01 6.873309380074559272e+01
8.825688387900076748e+01 8.590409588992778822e+01 6.974196160381217169e+01
7.423674764178814200e+01 6.730349572014168302e+01 6.538064802121380126e+01
8.156046295286736836e+01 6.630833384892815729e+01 6.704577712464563888e+01
7.125099932165775840e+01 7.174478130960773115e+01 6.347766389978545476e+01
8.548803071532869069e+01 6.957046678421426122e+01 6.647096579129001270e+01
7.147439268947654512e+01 7.645185315472818388e+01 6.474343166629898860e+01
9.437666678970182943e+01 8.321160044986254434e+01 6.765124047735673685e+01
7.099625452700034600e+01 8.138293279876964448e+01 6.454807098155873746e+01
7.497497597113004986e+01 8.290372176949972527e+01 6.745118872229650719e+01
7.031867424716025994e+01 8.399373650328476515e+01 6.585467169449151470e+01
6.898192043248037919e+01 8.258173597237296804e+01 6.351346014348280278e+01
6.707299519624996265e+01 7.753654805771208203e+01 6.641723908285123912e+01
6.730028834957494155e+01 8.223044974994368772e+01 6.760722219173425174e+01
9.481366954938818026e+01 7.932279595616344636e+01 7.003773522532517859e+01
6.989911951181410643e+01 7.503612484234159297e+01 6.768515611752127370e+01
9.121048732734477937e+01 7.473545718144208649e+01 7.131505205582269014e+01
8.684592088540181010e+01 8.556793681233776283e+01 7.309910187499809808e+01
7.186940158741886364e+01 7.069916788368220750e+01 6.800967793958906782e+01
9.146861211554032423e+01 8.353261541457399630e+01 7.181992961776560946e+01
8.616051302754473795e+01 6.709192504960600445e+01 7.038899126829304009e+01
7.607447124598881771e+01 6.319207121684354433e+01 6.851696033428271448e+01
8.098716787702301190e+01 8.525791424798723028e+01 7.249041007515856450e+01
7.583406447875917422e+01 8.537576479365583282e+01 7.040863784644292878e+01
5.654558958357436893e+01 7.930072083800334326e+01 7.084768997518727929e+01
5.751807841829440804e+01 7.496246066357454652e+01 6.805674738391462597e+01
5.733853928153195056e+01 8.052594037206824851e+01 6.852851972019064419e+01
6.075144229818178587e+01 8.148996625036889441e+01 6.934928013040837413e+01
7.111867563579869511e+01 8.697926303354782362e+01 7.285032176203773702e+01
6.246479445057474322e+01 7.661364844424608123e+01 7.135694426209752805e+01
7.414701736756467199e+01 6.441610630421425299e+01 7.087623861862286390e+01
5.719374138474051961e+01 7.434112942654527956e+01 7.090401939717193613e+01
8.556065181686093979e+01 6.355158693103223300e+01 7.392040677030320239e+01
6.440485233299514789e+01 8.191744787225155733e+01 6.950877495068928624e+01
9.024770316849023288e+01 7.808987346536721930e+01 7.404772082574231717e+01
6.851665362609604415e+01 8.612809535398668004e+01 7.177004186482901105e+01
8.116972883715699538e+01 6.502449928081892949e+01 7.317648616173701726e+01
6.577059968980117333e+01 8.673045268654433926e+01 7.194861217230999273e+01
8.956312140620727291e+01 7.243887976859375044e+01 7.494968665946728947e+01
7.849205353734856772e+01 8.575850294631544557e+01 7.573379851233025306e+01
8.778173188712597153e+01 8.181879082716906737e+01 7.537955788573378868e+01
5.920268705474504145e+01 8.170616581804972611e+01 7.369507941612181412e+01
6.212350286417053269e+01 7.508030013117138424e+01 7.344840477646420140e+01
8.270862545088947115e+01 8.433848808432736632e+01 7.480462722506254636e+01
7.448583049226841979e+01 6.260025242045554705e+01 7.155793989027014845e+01
7.809852033575916153e+01 6.284992963584389258e+01 7.147387585876882099e+01
6.817620429550399308e+01 7.230229157462849798e+01 7.266823736568278491e+01
6.152763089103873995e+01 8.502405999250467517e+01 7.372534595018083792e+01
7.407476543553738679e+01 6.837579857623120461e+01 7.404949591664365016e+01
7.411713067236884456e+01 8.616676737010254783e+01 7.515089009981130630e+01
7.228456903244280340e+01 7.092904550635276451e+01 7.421130437974528604e+01
6.548189711860557338e+01 8.778822957322418574e+01 7.410636242004494534e+01
8.764323453783774198e+01 6.756714597954109536e+01 7.698917965259872176e+01
7.317422293140968748e+01 5.929210141845118187e+01 7.309569876196681548e+01
5.856321680045547851e+01 7.585122568495796713e+01 7.550776457565288524e+01
8.111385253439480891e+01 8.462193333473490497e+01 7.703256274266419723e+01
8.474529540829146868e+01 6.647371011763985393e+01 7.852864855199433691e+01
8.614820759153080587e+01 8.055592684888583221e+01 7.825587490678552172e+01
7.350928159061294309e+01 6.289625093033581038e+01 7.483891214841398210e+01
7.839670828778582745e+01 6.278659307840769088e+01 7.402622660418387568e+01
7.439867686707242456e+01 5.895342003005814036e+01 7.601019576304929615e+01
6.852283458820110695e+01 8.710402454995906396e+01 7.676237694143799217e+01
6.514578971366415772e+01 7.419951436451952986e+01 7.534945983607877906e+01
6.488237203908448691e+01 9.017147107995094757e+01 7.573725532621585899e+01
8.745697380870234383e+01 7.589827762951549062e+01 8.218479134788330498e+01
8.910126502489534062e+01 7.042472341942087155e+01 8.002497411123565030e+01
7.069283566695045806e+01 7.182063500788854071e+01 7.770793944680232812e+01
6.074277115680658312e+01 8.773058742110785602e+01 7.693823000821544156e+01
7.427996952758596194e+01 6.562154429309654802e+01 7.960213369053806787e+01
6.188805358889911190e+01 7.656605131591319946e+01 7.849495655963150398e+01
6.054202339494112550e+01 8.426208865772417766e+01 7.862606409504144267e+01
5.909183593042304494e+01 7.872607858899067423e+01 7.900173457214484074e+01
8.059483203256394290e+01 6.664488238550148935e+01 7.902350614227302117e+01
7.877750108045722754e+01 6.482102799717711150e+01 7.905352742005322852e+01
7.152669055414887112e+01 5.883777724648717822e+01 7.589288508913131182e+01
7.125870082972612352e+01 5.995082662157739151e+01 7.789725105891997714e+01
7.494601674610591147e+01 8.512075290738798117e+01 8.094288435435163365e+01
6.279626013334441836e+01 8.967055657918368183e+01 7.838702917873709453e+01
7.589690918500166106e+01 6.087321122841370880e+01 7.810634558390464122e+01
8.541465761965979198e+01 7.932575332932123047e+01 8.224762014909410368e+01
7.925025574981849275e+01 8.237912826128678034e+01 8.629609945228224888e+01
6.514066885482306191e+01 7.444756958826189930e+01 8.105033330931578917e+01
7.382112579232713756e+01 6.958446723654463995e+01 8.009427841360178491e+01
8.473711869513660133e+01 6.757025867607853797e+01 8.232425519343505016e+01
6.928211288847766980e+01 7.365582594405162808e+01 8.080319631927116575e+01
7.155729014487540951e+01 5.374516108766070488e+01 7.842296974200439763e+01
7.461294624548796151e+01 5.859242457958006867e+01 7.842076726632055284e+01
5.802528573807060752e+01 8.813817294483942533e+01 8.007992888986345292e+01
6.101289364520835079e+01 8.147974191706290981e+01 8.142667235191001396e+01
6.891328309759803972e+01 5.798682154229152275e+01 8.348518132457525098e+01
6.030771561477992293e+01 9.031655560017557605e+01 8.092839186026648690e+01
7.338467271015412052e+01 6.186025070035606177e+01 8.255346979811926644e+01
8.787682850534795875e+01 7.451248873458240496e+01 8.431047171441016985e+01
7.112807960239302929e+01 5.104559538978810451e+01 8.147412301847396066e+01
5.759540380667209547e+01 9.116077167642535528e+01 8.011971236669515406e+01
5.814972612745030744e+01 9.153042304933885021e+01 8.313347294925068809e+01
5.650335025318938165e+01 9.018755830377088500e+01 8.183947338130960247e+01
6.344873179778380745e+01 7.899492217619507528e+01 8.422535330693844458e+01
8.760338130860489514e+01 7.028315156787485307e+01 8.371400343873904148e+01
6.695849123124907010e+01 8.814975979319183352e+01 8.354789771652642116e+01
6.072303947096112609e+01 8.420499856672194028e+01 8.733432992480939561e+01
7.083579537080480293e+01 8.614268173697976749e+01 8.557078105248132260e+01
5.845130927933698217e+01 8.648509003210014612e+01 8.705270457187177158e+01
7.949605394226098554e+01 6.684883534175997966e+01 8.059789982589549595e+01
7.200280556107856000e+01 6.040714711334891263e+01 8.283616551932163929e+01
7.288958440912028891e+01 5.285567892645488541e+01 8.402376758653784350e+01
8.208691573231564576e+01 7.911648954469617934e+01 8.537478770650722026e+01
7.645522818685566335e+01 6.419649531262544429e+01 8.111059621065089686e+01
8.472073018156788748e+01 7.468053489906677100e+01 8.555286096890489489e+01
7.030831059814069306e+01 5.461878667794977105e+01 8.420862387889306433e+01
7.356002774011032841e+01 5.784342014858609105e+01 8.329870793293960674e+01
6.427636332488346227e+01 8.753542184455855590e+01 8.806355628849772188e+01
5.737460480108327943e+01 8.957667909562243835e+01 8.814642871841891747e+01
7.165898253744315127e+01 7.115486304122063643e+01 8.322107792293252260e+01
6.811439002262127929e+01 7.820354364538678738e+01 8.537784287553833451e+01
8.422142456395563670e+01 7.157671603446590325e+01 8.718156978646109678e+01
7.445884061260328224e+01 6.356936245532668295e+01 8.470664198768838560e+01
7.569230692793101412e+01 8.223945302757144304e+01 8.557647433853372831e+01
6.000862271727487496e+01 8.949512646521102965e+01 8.659144724237509649e+01
7.630742733234323794e+01 6.563782285667861061e+01 8.602778199738293097e+01
7.297027935967382462e+01 7.463294310320344493e+01 8.649198275984667816e+01
8.280240730298042706e+01 7.503841391085092027e+01 8.800111246667674436e+01
8.008770109928329362e+01 7.887312220318409572e+01 8.716260957035791535e+01
7.400226053658344938e+01 6.807134404827334606e+01 8.490272170233868110e+01
6.356973842552717713e+01 8.172547532146430171e+01 9.047109194377853214e+01
7.993030508898887376e+01 6.968173145313656391e+01 8.667753179867267477e+01
6.987082234483497700e+01 5.775531026470355300e+01 8.680674883081164239e+01
6.763314942928892037e+01 5.674729828536766263e+01 8.796051814581377926e+01
6.839141141121687895e+01 8.773661355507675808e+01 9.129064770857786471e+01
7.341404909543237522e+01 6.585935747124608497e+01 9.003792839178726126e+01
7.942034321691734533e+01 7.284566971233263644e+01 8.719846267041350529e+01
7.024011464264793858e+01 8.482457751773139876e+01 8.940808113392370160e+01
7.180807474425243697e+01 7.592485944855761204e+01 8.775312840775811196e+01
7.655758112798758930e+01 7.737647603302704624e+01 8.740099445131536982e+01
6.859901904561350250e+01 7.999732144346228324e+01 8.849698751272597974e+01
6.422119132169636657e+01 8.026943056988795888e+01 8.976577149849885018e+01
7.651643096629634044e+01 7.068667733952489129e+01 8.941716627916696325e+01
6.232511118381752624e+01 8.579870993382576216e+01 8.912884051302373223e+01
7.482742035198779718e+01 6.464784126100832395e+01 9.140374561797341357e+01
6.659008385660307283e+01 8.094859767666423522e+01 8.985472699595518975e+01
7.814167280894592693e+01 6.865617703911979675e+01 9.185512653331892352e+01
6.605860855694821510e+01 8.569305335772725130e+01 9.741120212446026017e+01
7.657532378346850521e+01 6.693479404447876391e+01 9.702086922133278790e+01
6.469928341908887148e+01 8.077572260318680719e+01 9.413867500829977075e+01
7.666428429829775837e+01 6.811903416467490047e+01 9.750610813026895585e+01
7.542598360600425167e+01 6.685736582577877130e+01 9.510476131693965840e+01
7.629197708950498225e+01 6.749061588907431997e+01 1.024935311555022395e+02
