$MeshFormat
4.1 0 8
$EndMeshFormat
$PhysicalNames
1
2 6 "My surface"
$EndPhysicalNames
$Entities
4 4 1 0
1 0 0 0 0 
2 1 0 0 0 
3 1 1 0 0 
4 0 1 0 0 
1 0 0 0 1 0 0 1 5 2 1 -2 
2 1 0 0 1 1 0 1 5 2 3 -2 
3 0 1 0 1 1 0 0 2 3 -4 
4 0 0 0 0 1 0 1 5 2 4 -1 
1 0 0 0 1 1 0 1 6 4 4 1 -2 3 
$EndEntities
$Nodes
9 144 1 144
0 1 0 1
1
0 0 0
0 2 0 1
2
1 0 0
0 3 0 1
3
1 1 0
0 4 0 1
4
0 1 0
1 1 0 9
5
6
7
8
9
10
11
12
13
0.09999999999981467 0 0
0.1999999999995579 0 0
0.2999999999992664 0 0
0.3999999999989749 0 0
0.4999999999986943 0 0
0.5999999999989468 0 0
0.69999999999921 0 0
0.7999999999994734 0 0
0.8999999999997368 0 0
1 2 0 9
14
15
16
17
18
19
20
21
22
1 0.8999999999995836 0
1 0.7999999999999998 0
1 0.7000000000006934 0
1 0.6000000000013869 0
1 0.5000000000020587 0
1 0.4000000000016644 0
1 0.3000000000012483 0
1 0.2000000000008322 0
1 0.100000000000416 0
1 3 0 9
23
24
25
26
27
28
29
30
31
0.8999999999995836 1 0
0.7999999999999998 1 0
0.7000000000006934 1 0
0.6000000000013869 1 0
0.5000000000020587 1 0
0.4000000000016644 1 0
0.3000000000012483 1 0
0.2000000000008322 1 0
0.100000000000416 1 0
1 4 0 9
32
33
34
35
36
37
38
39
40
0 0.8999999999995836 0
0 0.7999999999999998 0
0 0.7000000000006934 0
0 0.6000000000013869 0
0 0.5000000000020587 0
0 0.4000000000016644 0
0 0.3000000000012483 0
0 0.2000000000008322 0
0 0.100000000000416 0
2 1 0 104
41
42
43
44
45
46
47
48
49
50
51
52
53
54
55
56
57
58
59
60
61
62
63
64
65
66
67
68
69
70
71
72
73
74
75
76
77
78
79
80
81
82
83
84
85
86
87
88
89
90
91
92
93
94
95
96
97
98
99
100
101
102
103
104
105
106
107
108
109
110
111
112
113
114
115
116
117
118
119
120
121
122
123
124
125
126
127
128
129
130
131
132
133
134
135
136
137
138
139
140
141
142
143
144
0.4500000000018615 0.9133974596216763 0
0.9133974596216763 0.4500000000018615 0
0.09354634791026567 0.4629640407885232 0
0.5536498503000198 0.0820529654514504 0
0.6500000000007853 0.9133974596218178 0
0.9133974596214023 0.6500000000006928 0
0.08885430207259572 0.6509201999022147 0
0.3499999999991207 0.0866025403781914 0
0.9133974596212823 0.2500000000010818 0
0.2508173017626885 0.9138693290130391 0
0.08872509776596282 0.2520415328384461 0
0.7586725654700552 0.08962961249593344 0
0.9042087355342254 0.8413885031923195 0
0.09056972474475221 0.8408174380938682 0
0.1554440545901894 0.09549528281076358 0
0.3501362169619662 0.9134761045201363 0
0.4000227028286946 0.8268080267265182 0
0.5000037838059497 0.8267971038241884 0
0.4500044144404208 0.7401949275428894 0
0.5480792490754001 0.7413029026824636 0
0.4977584932874627 0.6548850855105044 0
0.3994753460285051 0.6540725028181407 0
0.4488835001445501 0.5676473673000906 0
0.5602634197995822 0.5616780391398716 0
0.5000000000019647 0.4803847577319527 0
0.3991584436166892 0.4808585198949223 0
0.4489250795907387 0.3944008045024401 0
0.5430165385239094 0.396401542539629 0
0.3495914710167097 0.3940157268266378 0
0.2993969404821603 0.4803405281408104 0
0.3988180974224576 0.3078613198673571 0
0.2996458118888333 0.3073836536239814 0
0.3500000000031309 0.2205771365975206 0
0.2518693992518951 0.2217325686961455 0
0.4557747645911481 0.2357143606679533 0
0.185647332504246 0.3032187653445379 0
0.300162703593529 0.8268888562051568 0
0.1994089234458905 0.8296981761686029 0
0.2499286045088647 0.7410578833522425 0
0.149493911058757 0.7431601482469433 0
0.1967429917984553 0.6534863612147765 0
0.1472281917843546 0.561558390531777 0
0.2468433119163589 0.565624610483365 0
0.1956776926822188 0.4783955759377119 0
0.3489595903653755 0.5673882000271663 0
0.2494653028838217 0.3940909248794373 0
0.08660254037876053 0.3500000000013807 0
0.5996805054806951 0.826980370643347 0
0.6417644007840324 0.7449476324411425 0
0.9133974596215026 0.3500000000015219 0
0.8267949192428349 0.3000000000014016 0
0.8182421794856397 0.1844006781566091 0
0.7401923788640703 0.2500000000013166 0
0.7401923788642716 0.3500000000013794 0
0.6560315066610382 0.2957709066667542 0
0.6535898384855425 0.2000000000015831 0
0.5664172436040678 0.2434327405092051 0
0.6420307029351833 0.3979112435011097 0
0.7382658562728507 0.4496518739179274 0
0.6523161947243097 0.5046369953108196 0
0.7396590178056635 0.550714811538531 0
0.6585792406651121 0.5996425384524156 0
0.7443645751500544 0.6441194506563531 0
0.8274013917808297 0.5991390436996684 0
0.8310859473279177 0.6928236199326741 0
0.8264738321444876 0.3999419789875535 0
0.9134985383779496 0.5498565072844829 0
0.6562149260162106 0.09805123844595295 0
0.4546835013987585 0.08234762927774826 0
0.9153656560544171 0.1492667587540349 0
0.5499473815487894 0.9134287322851715 0
0.6975378539360992 0.8282166764871947 0
0.7487723405616641 0.9141062885542134 0
0.7972616528763404 0.8356038949075959 0
0.9154774538209234 0.7423521885021998 0
0.2540998849589767 0.08154625002783644 0
0.8264493493339096 0.4998840359050041 0
0.3499322952340005 0.7408013113617695 0
0.2986470233085933 0.6537384782095768 0
0.8461729413691561 0.9196489343162085 0
0.1530678781041716 0.917872462482433 0
0.07989182588315169 0.1534846009817473 0
0.8508697827248662 0.08304206045590229 0
0.499098171815221 0.3170727013466115 0
0.7452609801537944 0.7423036384484352 0
0.1619767221861357 0.2001657094832424 0
0.5103162003608498 0.161527005980217 0
0.5939694584633959 0.6616225155159264 0
0.1614915047407304 0.3972775503290493 0
0.06578358757522099 0.7469795572487439 0
0.4034624110593975 0.1567264185651638 0
0.3000000000033771 0.1535898384893526 0
0.730144284148031 0.167403810568459 0
0.06525626353169044 0.5500000000017229 0
0.5795253711969898 0.4682025156446765 0
0.9267949192431238 0.9267949192431238 0
0.07320508075687601 0.9267949192431241 0
0.9267949192427987 0.07320508075724225 0
0.07320508075662228 0.07320508075678341 0
0.5907262780271466 0.1542297873709855 0
0.5814748201941472 0.3274276782173589 0
0.2231000816164675 0.1513870466406804 0
0.6705771365937371 0.6705771365948434 0
0.8441725804419961 0.7699010078868198 0
$EndNodes
$Elements
4 276 1 276
1 1 1 10
1 1 5 
2 5 6 
3 6 7 
4 7 8 
5 8 9 
6 9 10 
7 10 11 
8 11 12 
9 12 13 
10 13 2 
1 2 1 10
11 3 14 
12 14 15 
13 15 16 
14 16 17 
15 17 18 
16 18 19 
17 19 20 
18 20 21 
19 21 22 
20 22 2 
1 4 1 10
21 4 32 
22 32 33 
23 33 34 
24 34 35 
25 35 36 
26 36 37 
27 37 38 
28 38 39 
29 39 40 
30 40 1 
2 1 2 246
31 92 52 123 
32 52 92 133 
33 51 76 87 
34 82 43 84 
35 78 54 80 
36 76 51 126 
37 43 82 134 
38 64 100 102 
39 109 127 131 
40 80 54 130 
41 127 75 131 
42 80 47 81 
43 100 64 135 
44 75 97 124 
45 81 47 82 
46 87 76 129 
47 110 92 123 
48 96 108 133 
49 54 78 121 
50 114 53 120 
51 97 75 127 
52 74 76 126 
53 66 63 85 
54 109 44 127 
55 53 114 144 
56 81 83 119 
57 122 55 126 
58 70 83 84 
59 70 84 86 
60 108 52 133 
61 83 85 119 
62 63 62 85 
63 70 66 85 
64 81 82 83 
65 64 102 128 
66 72 69 86 
67 47 80 130 
68 69 70 86 
69 76 72 86 
70 83 82 84 
71 83 70 85 
72 46 104 107 
73 104 46 105 
74 105 46 115 
75 101 99 117 
76 94 91 106 
77 41 56 57 
78 99 94 106 
79 41 28 56 
80 99 106 117 
81 77 50 78 
82 27 28 41 
83 43 37 87 
84 88 45 111 
85 19 18 42 
86 36 37 43 
87 19 42 90 
88 90 42 106 
89 24 25 113 
90 91 90 106 
91 45 26 111 
92 42 18 107 
93 45 88 112 
94 107 104 117 
95 56 50 77 
96 104 101 117 
97 17 46 107 
98 77 78 79 
99 27 41 111 
100 44 10 108 
101 29 50 56 
102 9 10 44 
103 18 17 107 
104 38 51 87 
105 41 57 58 
106 26 27 111 
107 25 45 113 
108 49 20 90 
109 48 8 109 
110 28 29 56 
111 9 44 109 
112 37 38 87 
113 20 19 90 
114 41 58 111 
115 79 78 80 
116 49 90 91 
117 58 88 111 
118 8 9 109 
119 93 91 94 
120 79 80 81 
121 98 99 100 
122 11 52 108 
123 15 14 53 
124 98 94 99 
125 10 11 108 
126 95 94 98 
127 100 99 101 
128 93 94 95 
129 29 30 50 
130 15 53 115 
131 96 95 97 
132 100 101 102 
133 38 39 51 
134 46 16 115 
135 16 15 115 
136 92 91 93 
137 102 101 103 
138 49 92 110 
139 88 89 112 
140 58 57 59 
141 21 49 110 
142 45 112 113 
143 21 20 49 
144 93 95 96 
145 103 104 105 
146 103 101 104 
147 22 21 110 
148 7 8 48 
149 42 107 117 
150 71 73 75 
151 11 12 52 
152 113 112 114 
153 58 59 60 
154 32 33 54 
155 58 60 88 
156 57 56 77 
157 88 60 89 
158 69 66 70 
159 7 48 116 
160 25 26 45 
161 17 16 46 
162 34 35 47 
163 61 59 62 
164 61 63 64 
165 65 63 66 
166 60 59 61 
167 61 62 63 
168 6 7 116 
169 65 66 67 
170 64 63 65 
171 49 91 92 
172 71 72 73 
173 5 6 55 
174 67 69 71 
175 65 67 68 
176 73 72 74 
177 67 66 69 
178 55 6 116 
179 74 72 76 
180 71 69 72 
181 77 79 118 
182 106 42 117 
183 59 57 118 
184 62 59 118 
185 57 77 118 
186 84 43 129 
187 126 55 142 
188 85 62 119 
189 79 81 119 
190 62 118 119 
191 118 79 119 
192 78 50 121 
193 113 114 120 
194 23 24 120 
195 30 31 121 
196 39 40 122 
197 12 13 123 
198 108 96 140 
199 71 75 124 
200 68 67 124 
201 114 112 125 
202 82 47 134 
203 89 60 128 
204 61 64 128 
205 96 97 140 
206 24 113 120 
207 50 30 121 
208 51 39 122 
209 52 12 123 
210 98 68 141 
211 68 98 135 
212 67 71 124 
213 54 33 130 
214 34 47 130 
215 103 105 125 
216 112 89 125 
217 92 93 133 
218 36 43 134 
219 47 35 134 
220 76 86 129 
221 64 65 135 
222 14 3 136 
223 3 23 136 
224 4 32 137 
225 2 22 138 
226 13 2 138 
227 1 5 139 
228 40 1 139 
229 31 4 137 
230 115 53 144 
231 95 98 141 
232 98 100 135 
233 114 125 144 
234 97 127 140 
235 43 87 129 
236 60 61 128 
237 86 84 129 
238 125 105 144 
239 103 125 143 
240 125 89 143 
241 51 122 126 
242 55 116 142 
243 48 109 131 
244 48 131 132 
245 116 48 132 
246 33 34 130 
247 75 73 131 
248 131 73 132 
249 73 74 132 
250 93 96 133 
251 68 124 141 
252 35 36 134 
253 121 31 137 
254 122 40 139 
255 23 120 136 
256 123 13 138 
257 65 68 135 
258 89 128 143 
259 44 108 140 
260 53 14 136 
261 22 110 138 
262 32 54 137 
263 5 55 139 
264 97 95 141 
265 124 97 141 
266 102 103 143 
267 105 115 144 
268 54 121 137 
269 120 53 136 
270 55 122 139 
271 110 123 138 
272 128 102 143 
273 127 44 140 
274 74 126 142 
275 116 132 142 
276 132 74 142 
$EndElements
